R(a, b) = {
    439, 439
    621, 621
    160, 160
    549, 549
    237, 237
    389, 389
    658, 658
    507, 507
    124, 124
    290, 290
    975, 975
    392, 392
    231, 231
    969, 969
    354, 354
    657, 657
    914, 914
    719, 719
    302, 302
    109, 109
    508, 508
    754, 754
    576, 576
    6, 6
    832, 832
    243, 243
    359, 359
    710, 710
    34, 34
    54, 54
    399, 399
    559, 559
    521, 521
    874, 874
    875, 875
    591, 591
    137, 137
    793, 793
    349, 349
    782, 782
    951, 951
    989, 989
    128, 128
    230, 230
    636, 636
    894, 894
    606, 606
    910, 910
    588, 588
    908, 908
    979, 979
    786, 786
    269, 269
    499, 499
    543, 543
    517, 517
    370, 370
    61, 61
    152, 152
    728, 728
    784, 784
    584, 584
    465, 465
    434, 434
    147, 147
    219, 219
    552, 552
    729, 729
    261, 261
    853, 853
    236, 236
    48, 48
    835, 835
    703, 703
    98, 98
    272, 272
    503, 503
    470, 470
    709, 709
    260, 260
    35, 35
    764, 764
    514, 514
    81, 81
    674, 674
    839, 839
    391, 391
    486, 486
    953, 953
    250, 250
    530, 530
    796, 796
    502, 502
    763, 763
    968, 968
    871, 871
    738, 738
    661, 661
    320, 320
    415, 415
    125, 125
    275, 275
    295, 295
    68, 68
    201, 201
    753, 753
    944, 944
    599, 599
    477, 477
    567, 567
    144, 144
    25, 25
    987, 987
    762, 762
    566, 566
    301, 301
    45, 45
    539, 539
    562, 562
    339, 339
    595, 595
    781, 781
    168, 168
    538, 538
    321, 321
    930, 930
    985, 985
    330, 330
    513, 513
    623, 623
    69, 69
    815, 815
    945, 945
    769, 769
    730, 730
    743, 743
    885, 885
    479, 479
    175, 175
    484, 484
    804, 804
    139, 139
    356, 356
    29, 29
    995, 995
    55, 55
    668, 668
    398, 398
    855, 855
    628, 628
    422, 422
    273, 273
    123, 123
    352, 352
    270, 270
    850, 850
    329, 329
    653, 653
    87, 87
    116, 116
    957, 957
    44, 44
    372, 372
    638, 638
    918, 918
    634, 634
    114, 114
    471, 471
    390, 390
    977, 977
    283, 283
    999, 999
    798, 798
    217, 217
    861, 861
    933, 933
    368, 368
    303, 303
    52, 52
    660, 660
    437, 437
    402, 402
    826, 826
    450, 450
    739, 739
    646, 646
    698, 698
    473, 473
    94, 94
    671, 671
    113, 113
    263, 263
    21, 21
    90, 90
    745, 745
    511, 511
    108, 108
    706, 706
    304, 304
    783, 783
    609, 609
    140, 140
    974, 974
    214, 214
    211, 211
    364, 364
    732, 732
    877, 877
    644, 644
    842, 842
    443, 443
    337, 337
    11, 11
    438, 438
    512, 512
    916, 916
    242, 242
    848, 848
    519, 519
    60, 60
    750, 750
    363, 363
    746, 746
    57, 57
    205, 205
    554, 554
    787, 787
    563, 563
    280, 280
    78, 78
    882, 882
    948, 948
    26, 26
    575, 575
    331, 331
    353, 353
    385, 385
    472, 472
    598, 598
    806, 806
    955, 955
    467, 467
    299, 299
    726, 726
    705, 705
    92, 92
    704, 704
    442, 442
    393, 393
    607, 607
    577, 577
    181, 181
    88, 88
    417, 417
    378, 378
    232, 232
    592, 592
    374, 374
    748, 748
    755, 755
    873, 873
    605, 605
    947, 947
    334, 334
    104, 104
    742, 742
    106, 106
    767, 767
    278, 278
    187, 187
    558, 558
    5, 5
    863, 863
    178, 178
    176, 176
    284, 284
    667, 667
    902, 902
    590, 590
    983, 983
    758, 758
    129, 129
    166, 166
    254, 254
    536, 536
    612, 612
    845, 845
    686, 686
    685, 685
    522, 522
    943, 943
    50, 50
    680, 680
    978, 978
    990, 990
    451, 451
    496, 496
    289, 289
    416, 416
    74, 74
    58, 58
    156, 156
    800, 800
    779, 779
    715, 715
    677, 677
    837, 837
    525, 525
    110, 110
    292, 292
    396, 396
    494, 494
    731, 731
    395, 395
    823, 823
    495, 495
    630, 630
    555, 555
    701, 701
    233, 233
    973, 973
    440, 440
    996, 996
    200, 200
    619, 619
    96, 96
    421, 421
    544, 544
    927, 927
    518, 518
    383, 383
    151, 151
    725, 725
    811, 811
    766, 766
    172, 172
    928, 928
    314, 314
    239, 239
    480, 480
    30, 30
    56, 56
    816, 816
    683, 683
    99, 99
    177, 177
    922, 922
    629, 629
    838, 838
    578, 578
    613, 613
    548, 548
    316, 316
    651, 651
    907, 907
    669, 669
    371, 371
    846, 846
    659, 659
    24, 24
    510, 510
    197, 197
    238, 238
    313, 313
    532, 532
    809, 809
    180, 180
    964, 964
    357, 357
    344, 344
    941, 941
    670, 670
    464, 464
    251, 251
    572, 572
    410, 410
    906, 906
    491, 491
    991, 991
    171, 171
    373, 373
    146, 146
    792, 792
    524, 524
    328, 328
    631, 631
    31, 31
    420, 420
    527, 527
    778, 778
    155, 155
    134, 134
    252, 252
    466, 466
    529, 529
    130, 130
    291, 291
    259, 259
    982, 982
    790, 790
    789, 789
    665, 665
    569, 569
    10, 10
    819, 819
    580, 580
    311, 311
    198, 198
    405, 405
    246, 246
    213, 213
    568, 568
    274, 274
    148, 148
    105, 105
    386, 386
    647, 647
    474, 474
    724, 724
    307, 307
    528, 528
    615, 615
    570, 570
    632, 632
    901, 901
    712, 712
    293, 293
    17, 17
    257, 257
    271, 271
    641, 641
    258, 258
    190, 190
    235, 235
    335, 335
    76, 76
    734, 734
    693, 693
    675, 675
    229, 229
    432, 432
    388, 388
    7, 7
    586, 586
    448, 448
    66, 66
    115, 115
    942, 942
    20, 20
    950, 950
    264, 264
    760, 760
    409, 409
    869, 869
    240, 240
    413, 413
    475, 475
    526, 526
    963, 963
    600, 600
    937, 937
    431, 431
    79, 79
    401, 401
    765, 765
    131, 131
    954, 954
    899, 899
    268, 268
    18, 18
    164, 164
    418, 418
    741, 741
    460, 460
    382, 382
    361, 361
    814, 814
    4, 4
    112, 112
    476, 476
    312, 312
    596, 596
    756, 756
    447, 447
    854, 854
    325, 325
    972, 972
    255, 255
    426, 426
    740, 740
    454, 454
    691, 691
    347, 347
    253, 253
    752, 752
    449, 449
    216, 216
    348, 348
    326, 326
    207, 207
    976, 976
    799, 799
    919, 919
    305, 305
    53, 53
    77, 77
    423, 423
    279, 279
    185, 185
    795, 795
    234, 234
    546, 546
    107, 107
    808, 808
    221, 221
    757, 757
    843, 843
    643, 643
    407, 407
    711, 711
    926, 926
    206, 206
    462, 462
    28, 28
    721, 721
    579, 579
    702, 702
    690, 690
    441, 441
    551, 551
    267, 267
    879, 879
    377, 377
    654, 654
    433, 433
    222, 222
    500, 500
    459, 459
    585, 585
    531, 531
    403, 403
    642, 642
    8, 8
    878, 878
    761, 761
    768, 768
    202, 202
    86, 86
    67, 67
    89, 89
    602, 602
    170, 170
    159, 159
    713, 713
    614, 614
    38, 38
    890, 890
    509, 509
    830, 830
    780, 780
    797, 797
    351, 351
    594, 594
    485, 485
    492, 492
    961, 961
    898, 898
    733, 733
    306, 306
    336, 336
    412, 412
    637, 637
    72, 72
    535, 535
    183, 183
    315, 315
    49, 49
    687, 687
    489, 489
    639, 639
    300, 300
    132, 132
    836, 836
    404, 404
    369, 369
    296, 296
    859, 859
    167, 167
    276, 276
    42, 42
    36, 36
    346, 346
    946, 946
    376, 376
    345, 345
    958, 958
    820, 820
    154, 154
    141, 141
    9, 9
    895, 895
    827, 827
    384, 384
    212, 212
    182, 182
    550, 550
    381, 381
    445, 445
    469, 469
    663, 663
    694, 694
    678, 678
    375, 375
    322, 322
    571, 571
    867, 867
    210, 210
    994, 994
    43, 43
    19, 19
    285, 285
    158, 158
    117, 117
    355, 355
    992, 992
    136, 136
    262, 262
    788, 788
    463, 463
    840, 840
    785, 785
    83, 83
    406, 406
    865, 865
    102, 102
    186, 186
    286, 286
    309, 309
    203, 203
    622, 622
    121, 121
    981, 981
    100, 100
    924, 924
    541, 541
    2, 2
    935, 935
    218, 218
    3, 3
    949, 949
    427, 427
    679, 679
    15, 15
    932, 932
    85, 85
    956, 956
    936, 936
    192, 192
    425, 425
    51, 51
    759, 759
    319, 319
    917, 917
    506, 506
    858, 858
    0, 0
    618, 618
    718, 718
    828, 828
    540, 540
    457, 457
    161, 161
    993, 993
    65, 65
    456, 456
    169, 169
    47, 47
    428, 428
    682, 682
    411, 411
    32, 32
    997, 997
    912, 912
    387, 387
    905, 905
    652, 652
    228, 228
    708, 708
    163, 163
    342, 342
    196, 196
    608, 608
    925, 925
    857, 857
    666, 666
    424, 424
    887, 887
    962, 962
    135, 135
    772, 772
    648, 648
    604, 604
    751, 751
    689, 689
    883, 883
    624, 624
    360, 360
    493, 493
    245, 245
    138, 138
    287, 287
    774, 774
    805, 805
    825, 825
    80, 80
    468, 468
    12, 12
    707, 707
    574, 574
    157, 157
    737, 737
    673, 673
    397, 397
    833, 833
    664, 664
    318, 318
    900, 900
    582, 582
    419, 419
    697, 697
    482, 482
    13, 13
    179, 179
    681, 681
    452, 452
    611, 611
    120, 120
    970, 970
    542, 542
    350, 350
    165, 165
    162, 162
    692, 692
    59, 59
    921, 921
    688, 688
    807, 807
    173, 173
    583, 583
    481, 481
    821, 821
    367, 367
    770, 770
    204, 204
    791, 791
    856, 856
    771, 771
    880, 880
    40, 40
    478, 478
    515, 515
    777, 777
    184, 184
    446, 446
    358, 358
    897, 897
    662, 662
    73, 73
    226, 226
    71, 71
    866, 866
    810, 810
    635, 635
    435, 435
    557, 557
    23, 23
    980, 980
    62, 62
    744, 744
    215, 215
    490, 490
    126, 126
    735, 735
    189, 189
    199, 199
    22, 22
    794, 794
    37, 37
    966, 966
    379, 379
    881, 881
    852, 852
    122, 122
    876, 876
    620, 620
    872, 872
    650, 650
    893, 893
    27, 27
    959, 959
    696, 696
    965, 965
    547, 547
    649, 649
    587, 587
    46, 46
    224, 224
    714, 714
    149, 149
    801, 801
    952, 952
    938, 938
    436, 436
    915, 915
    174, 174
    813, 813
    380, 380
    225, 225
    851, 851
    119, 119
    277, 277
    749, 749
    16, 16
    248, 248
    194, 194
    343, 343
    645, 645
    884, 884
    498, 498
    118, 118
    868, 868
    332, 332
    84, 84
    365, 365
    812, 812
    717, 717
    656, 656
    676, 676
    504, 504
    461, 461
    281, 281
    593, 593
    429, 429
    603, 603
    862, 862
    220, 220
    241, 241
    831, 831
    534, 534
    282, 282
    537, 537
    967, 967
    400, 400
    699, 699
    889, 889
    986, 986
    716, 716
    903, 903
    39, 39
    153, 153
    133, 133
    775, 775
    695, 695
    91, 91
    70, 70
    487, 487
    939, 939
    672, 672
    627, 627
    33, 33
    191, 191
    841, 841
    193, 193
    188, 188
    297, 297
    247, 247
    589, 589
    324, 324
    998, 998
    817, 817
    610, 610
    904, 904
    455, 455
    294, 294
    601, 601
    892, 892
    617, 617
    971, 971
    208, 208
    553, 553
    834, 834
    340, 340
    560, 560
    127, 127
    723, 723
    298, 298
    564, 564
    308, 308
    111, 111
    501, 501
    520, 520
    896, 896
    327, 327
    82, 82
    93, 93
    458, 458
    556, 556
    909, 909
    145, 145
    822, 822
    244, 244
    227, 227
    581, 581
    195, 195
    64, 64
    891, 891
    720, 720
    333, 333
    960, 960
    249, 249
    341, 341
    888, 888
    847, 847
    505, 505
    626, 626
    1, 1
    640, 640
    684, 684
    803, 803
    844, 844
    727, 727
    408, 408
    860, 860
    736, 736
    95, 95
    14, 14
    561, 561
    824, 824
    63, 63
    266, 266
    533, 533
    886, 886
    453, 453
    984, 984
    565, 565
    209, 209
    934, 934
    655, 655
    625, 625
    323, 323
    444, 444
    362, 362
    103, 103
    573, 573
    483, 483
    338, 338
    700, 700
    870, 870
    920, 920
    75, 75
    747, 747
    101, 101
    317, 317
    150, 150
    923, 923
    616, 616
    829, 829
    722, 722
    545, 545
    931, 931
    256, 256
    818, 818
    633, 633
    97, 97
    773, 773
    143, 143
    288, 288
    142, 142
    516, 516
    223, 223
    929, 929
    913, 913
    597, 597
    366, 366
    488, 488
    310, 310
    849, 849
    802, 802
    940, 940
    414, 414
    497, 497
    523, 523
    988, 988
    265, 265
    41, 41
    430, 430
    911, 911
    776, 776
    394, 394
    864, 864
}

S(b, c) = {
    884, 884
    283, 283
    730, 730
    339, 339
    954, 954
    593, 593
    381, 381
    604, 604
    152, 152
    117, 117
    407, 407
    392, 392
    580, 580
    219, 219
    470, 470
    67, 67
    592, 592
    709, 709
    611, 611
    114, 114
    797, 797
    187, 187
    373, 373
    869, 869
    595, 595
    680, 680
    379, 379
    864, 864
    732, 732
    216, 216
    446, 446
    770, 770
    896, 896
    844, 844
    540, 540
    281, 281
    985, 985
    671, 671
    222, 222
    307, 307
    897, 897
    126, 126
    105, 105
    875, 875
    463, 463
    928, 928
    520, 520
    532, 532
    929, 929
    991, 991
    271, 271
    477, 477
    794, 794
    108, 108
    115, 115
    315, 315
    113, 113
    297, 297
    665, 665
    249, 249
    164, 164
    856, 856
    916, 916
    564, 564
    137, 137
    346, 346
    76, 76
    368, 368
    54, 54
    967, 967
    186, 186
    638, 638
    795, 795
    575, 575
    860, 860
    992, 992
    641, 641
    970, 970
    895, 895
    993, 993
    277, 277
    833, 833
    485, 485
    150, 150
    983, 983
    207, 207
    978, 978
    168, 168
    455, 455
    701, 701
    654, 654
    829, 829
    867, 867
    734, 734
    250, 250
    873, 873
    495, 495
    431, 431
    401, 401
    443, 443
    838, 838
    743, 743
    776, 776
    169, 169
    119, 119
    416, 416
    876, 876
    628, 628
    977, 977
    725, 725
    47, 47
    913, 913
    147, 147
    155, 155
    429, 429
    947, 947
    386, 386
    333, 333
    949, 949
    815, 815
    832, 832
    412, 412
    20, 20
    685, 685
    77, 77
    976, 976
    489, 489
    383, 383
    779, 779
    378, 378
    607, 607
    409, 409
    355, 355
    562, 562
    309, 309
    410, 410
    100, 100
    189, 189
    498, 498
    608, 608
    576, 576
    778, 778
    878, 878
    749, 749
    95, 95
    259, 259
    70, 70
    825, 825
    340, 340
    148, 148
    738, 738
    435, 435
    217, 217
    940, 940
    615, 615
    236, 236
    251, 251
    228, 228
    196, 196
    784, 784
    24, 24
    359, 359
    483, 483
    914, 914
    950, 950
    18, 18
    102, 102
    136, 136
    955, 955
    188, 188
    558, 558
    204, 204
    273, 273
    85, 85
    517, 517
    111, 111
    964, 964
    190, 190
    457, 457
    301, 301
    567, 567
    786, 786
    384, 384
    146, 146
    28, 28
    538, 538
    415, 415
    400, 400
    918, 918
    960, 960
    923, 923
    4, 4
    38, 38
    702, 702
    275, 275
    494, 494
    542, 542
    667, 667
    149, 149
    290, 290
    963, 963
    436, 436
    830, 830
    555, 555
    921, 921
    798, 798
    652, 652
    569, 569
    107, 107
    905, 905
    317, 317
    269, 269
    886, 886
    937, 937
    428, 428
    479, 479
    306, 306
    61, 61
    57, 57
    305, 305
    809, 809
    535, 535
    777, 777
    482, 482
    658, 658
    461, 461
    577, 577
    224, 224
    678, 678
    550, 550
    163, 163
    425, 425
    597, 597
    547, 547
    920, 920
    511, 511
    536, 536
    514, 514
    792, 792
    679, 679
    462, 462
    0, 0
    302, 302
    73, 73
    590, 590
    160, 160
    513, 513
    280, 280
    553, 553
    987, 987
    719, 719
    861, 861
    677, 677
    244, 244
    614, 614
    329, 329
    310, 310
    274, 274
    14, 14
    134, 134
    205, 205
    294, 294
    899, 899
    835, 835
    253, 253
    975, 975
    165, 165
    531, 531
    711, 711
    997, 997
    10, 10
    179, 179
    525, 525
    672, 672
    49, 49
    484, 484
    32, 32
    799, 799
    961, 961
    490, 490
    909, 909
    444, 444
    863, 863
    426, 426
    232, 232
    811, 811
    130, 130
    806, 806
    840, 840
    617, 617
    989, 989
    476, 476
    183, 183
    980, 980
    731, 731
    430, 430
    515, 515
    31, 31
    748, 748
    557, 557
    722, 722
    812, 812
    488, 488
    472, 472
    93, 93
    11, 11
    162, 162
    342, 342
    705, 705
    499, 499
    341, 341
    193, 193
    171, 171
    924, 924
    853, 853
    634, 634
    311, 311
    509, 509
    935, 935
    843, 843
    819, 819
    735, 735
    953, 953
    362, 362
    278, 278
    903, 903
    941, 941
    635, 635
    588, 588
    170, 170
    496, 496
    945, 945
    234, 234
    586, 586
    868, 868
    700, 700
    331, 331
    98, 98
    36, 36
    862, 862
    689, 689
    262, 262
    486, 486
    90, 90
    420, 420
    692, 692
    427, 427
    866, 866
    282, 282
    478, 478
    79, 79
    233, 233
    751, 751
    755, 755
    454, 454
    646, 646
    133, 133
    439, 439
    736, 736
    89, 89
    286, 286
    602, 602
    818, 818
    626, 626
    808, 808
    92, 92
    198, 198
    883, 883
    357, 357
    942, 942
    284, 284
    698, 698
    694, 694
    23, 23
    370, 370
    613, 613
    328, 328
    591, 591
    858, 858
    930, 930
    394, 394
    859, 859
    30, 30
    912, 912
    766, 766
    827, 827
    75, 75
    969, 969
    72, 72
    601, 601
    208, 208
    497, 497
    433, 433
    656, 656
    865, 865
    201, 201
    996, 996
    417, 417
    533, 533
    632, 632
    609, 609
    603, 603
    343, 343
    56, 56
    810, 810
    97, 97
    579, 579
    2, 2
    842, 842
    972, 972
    289, 289
    621, 621
    581, 581
    69, 69
    817, 817
    242, 242
    850, 850
    674, 674
    447, 447
    142, 142
    363, 363
    780, 780
    902, 902
    639, 639
    717, 717
    971, 971
    556, 556
    19, 19
    957, 957
    356, 356
    199, 199
    344, 344
    320, 320
    888, 888
    984, 984
    453, 453
    917, 917
    203, 203
    551, 551
    103, 103
    762, 762
    390, 390
    5, 5
    633, 633
    988, 988
    854, 854
    697, 697
    167, 167
    773, 773
    182, 182
    396, 396
    387, 387
    699, 699
    804, 804
    129, 129
    666, 666
    202, 202
    708, 708
    744, 744
    33, 33
    723, 723
    84, 84
    96, 96
    51, 51
    836, 836
    737, 737
    686, 686
    458, 458
    981, 981
    518, 518
    230, 230
    365, 365
    380, 380
    790, 790
    229, 229
    767, 767
    589, 589
    215, 215
    474, 474
    388, 388
    94, 94
    745, 745
    123, 123
    456, 456
    831, 831
    127, 127
    376, 376
    374, 374
    598, 598
    926, 926
    933, 933
    715, 715
    659, 659
    323, 323
    99, 99
    573, 573
    637, 637
    481, 481
    974, 974
    185, 185
    8, 8
    460, 460
    116, 116
    389, 389
    710, 710
    408, 408
    774, 774
    521, 521
    210, 210
    467, 467
    523, 523
    915, 915
    475, 475
    369, 369
    775, 775
    716, 716
    800, 800
    662, 662
    442, 442
    900, 900
    350, 350
    325, 325
    264, 264
    287, 287
    824, 824
    13, 13
    803, 803
    758, 758
    938, 938
    663, 663
    706, 706
    761, 761
    112, 112
    161, 161
    64, 64
    173, 173
    178, 178
    848, 848
    434, 434
    71, 71
    893, 893
    263, 263
    768, 768
    561, 561
    349, 349
    128, 128
    823, 823
    936, 936
    144, 144
    1, 1
    174, 174
    441, 441
    585, 585
    718, 718
    908, 908
    300, 300
    707, 707
    371, 371
    973, 973
    159, 159
    582, 582
    655, 655
    338, 338
    156, 156
    606, 606
    682, 682
    545, 545
    248, 248
    640, 640
    118, 118
    704, 704
    256, 256
    395, 395
    821, 821
    952, 952
    541, 541
    212, 212
    931, 931
    881, 881
    946, 946
    791, 791
    21, 21
    52, 52
    870, 870
    894, 894
    413, 413
    122, 122
    404, 404
    726, 726
    703, 703
    268, 268
    874, 874
    584, 584
    651, 651
    35, 35
    480, 480
    563, 563
    295, 295
    543, 543
    318, 318
    763, 763
    402, 402
    504, 504
    276, 276
    939, 939
    414, 414
    785, 785
    965, 965
    519, 519
    241, 241
    956, 956
    683, 683
    299, 299
    661, 661
    91, 91
    995, 995
    37, 37
    27, 27
    385, 385
    348, 348
    258, 258
    41, 41
    616, 616
    153, 153
    468, 468
    106, 106
    612, 612
    847, 847
    714, 714
    631, 631
    574, 574
    172, 172
    951, 951
    252, 252
    180, 180
    243, 243
    337, 337
    81, 81
    151, 151
    822, 822
    636, 636
    141, 141
    512, 512
    932, 932
    765, 765
    399, 399
    657, 657
    125, 125
    788, 788
    42, 42
    820, 820
    544, 544
    546, 546
    270, 270
    419, 419
    872, 872
    391, 391
    418, 418
    336, 336
    948, 948
    885, 885
    366, 366
    145, 145
    834, 834
    459, 459
    221, 221
    139, 139
    432, 432
    353, 353
    63, 63
    68, 68
    334, 334
    669, 669
    695, 695
    724, 724
    46, 46
    247, 247
    756, 756
    62, 62
    642, 642
    502, 502
    22, 22
    739, 739
    154, 154
    645, 645
    59, 59
    552, 552
    587, 587
    364, 364
    17, 17
    312, 312
    855, 855
    687, 687
    879, 879
    266, 266
    231, 231
    673, 673
    801, 801
    684, 684
    851, 851
    351, 351
    841, 841
    322, 322
    39, 39
    213, 213
    60, 60
    740, 740
    298, 298
    324, 324
    195, 195
    411, 411
    618, 618
    764, 764
    265, 265
    80, 80
    321, 321
    782, 782
    492, 492
    506, 506
    781, 781
    934, 934
    668, 668
    568, 568
    839, 839
    12, 12
    316, 316
    906, 906
    500, 500
    787, 787
    610, 610
    539, 539
    26, 26
    630, 630
    110, 110
    510, 510
    644, 644
    742, 742
    605, 605
    922, 922
    958, 958
    793, 793
    771, 771
    135, 135
    240, 240
    852, 852
    712, 712
    583, 583
    508, 508
    211, 211
    138, 138
    849, 849
    522, 522
    181, 181
    158, 158
    405, 405
    132, 132
    25, 25
    650, 650
    599, 599
    375, 375
    845, 845
    516, 516
    566, 566
    15, 15
    140, 140
    175, 175
    596, 596
    293, 293
    491, 491
    643, 643
    382, 382
    982, 982
    335, 335
    690, 690
    314, 314
    530, 530
    66, 66
    877, 877
    757, 757
    919, 919
    288, 288
    676, 676
    559, 559
    720, 720
    733, 733
    691, 691
    235, 235
    367, 367
    578, 578
    754, 754
    910, 910
    816, 816
    660, 660
    882, 882
    124, 124
    986, 986
    925, 925
    527, 527
    907, 907
    759, 759
    6, 6
    675, 675
    887, 887
    990, 990
    223, 223
    254, 254
    424, 424
    750, 750
    176, 176
    892, 892
    998, 998
    802, 802
    629, 629
    121, 121
    16, 16
    237, 237
    279, 279
    267, 267
    649, 649
    549, 549
    473, 473
    619, 619
    526, 526
    452, 452
    796, 796
    303, 303
    728, 728
    979, 979
    807, 807
    554, 554
    624, 624
    292, 292
    570, 570
    109, 109
    445, 445
    327, 327
    360, 360
    285, 285
    131, 131
    994, 994
    944, 944
    255, 255
    184, 184
    40, 40
    403, 403
    772, 772
    572, 572
    999, 999
    837, 837
    78, 78
    968, 968
    451, 451
    218, 218
    423, 423
    157, 157
    783, 783
    846, 846
    101, 101
    246, 246
    83, 83
    911, 911
    120, 120
    450, 450
    871, 871
    505, 505
    422, 422
    828, 828
    48, 48
    448, 448
    741, 741
    507, 507
    471, 471
    9, 9
    74, 74
    565, 565
    313, 313
    901, 901
    245, 245
    729, 729
    352, 352
    493, 493
    943, 943
    393, 393
    880, 880
    529, 529
    319, 319
    308, 308
    753, 753
    746, 746
    688, 688
    257, 257
    206, 206
    857, 857
    192, 192
    354, 354
    537, 537
    890, 890
    214, 214
    82, 82
    377, 377
    194, 194
    45, 45
    534, 534
    29, 29
    261, 261
    332, 332
    466, 466
    548, 548
    330, 330
    326, 326
    813, 813
    87, 87
    959, 959
    620, 620
    104, 104
    622, 622
    347, 347
    197, 197
    464, 464
    226, 226
    571, 571
    406, 406
    623, 623
    227, 227
    696, 696
    438, 438
    805, 805
    65, 65
    143, 143
    7, 7
    670, 670
    296, 296
    3, 3
    358, 358
    166, 166
    53, 53
    44, 44
    43, 43
    272, 272
    345, 345
    220, 220
    487, 487
    966, 966
    260, 260
    501, 501
    465, 465
    594, 594
    440, 440
    752, 752
    560, 560
    664, 664
    681, 681
    528, 528
    713, 713
    647, 647
    55, 55
    469, 469
    421, 421
    361, 361
    904, 904
    898, 898
    789, 789
    291, 291
    769, 769
    524, 524
    889, 889
    721, 721
    88, 88
    627, 627
    304, 304
    625, 625
    238, 238
    177, 177
    693, 693
    653, 653
    760, 760
    58, 58
    372, 372
    191, 191
    891, 891
    86, 86
    648, 648
    239, 239
    34, 34
    397, 397
    927, 927
    50, 50
    727, 727
    600, 600
    209, 209
    962, 962
    449, 449
    200, 200
    814, 814
    225, 225
    747, 747
    398, 398
    503, 503
    826, 826
    437, 437
}
