R(a, b) = {
    1748, 1748
    1361, 1361
    1671, 1671
    865, 865
    1288, 1288
    381, 381
    400, 400
    114, 114
    305, 305
    155, 155
    1026, 1026
    581, 581
    920, 920
    216, 216
    1274, 1274
    1449, 1449
    881, 881
    1006, 1006
    899, 899
    661, 661
    1564, 1564
    148, 148
    1140, 1140
    1824, 1824
    1109, 1109
    443, 443
    608, 608
    1113, 1113
    832, 832
    1747, 1747
    1985, 1985
    718, 718
    892, 892
    1818, 1818
    1975, 1975
    169, 169
    1821, 1821
    942, 942
    1865, 1865
    1150, 1150
    877, 877
    1724, 1724
    228, 228
    698, 698
    706, 706
    76, 76
    984, 984
    926, 926
    117, 117
    1110, 1110
    1787, 1787
    105, 105
    827, 827
    1046, 1046
    1664, 1664
    1653, 1653
    277, 277
    1838, 1838
    588, 588
    1656, 1656
    1333, 1333
    1851, 1851
    1555, 1555
    428, 428
    1519, 1519
    921, 921
    1272, 1272
    896, 896
    1861, 1861
    1099, 1099
    792, 792
    1457, 1457
    1078, 1078
    732, 732
    355, 355
    108, 108
    1100, 1100
    1619, 1619
    1640, 1640
    259, 259
    1543, 1543
    980, 980
    115, 115
    188, 188
    126, 126
    137, 137
    1411, 1411
    551, 551
    340, 340
    1168, 1168
    538, 538
    196, 196
    870, 870
    280, 280
    297, 297
    274, 274
    1841, 1841
    1541, 1541
    509, 509
    773, 773
    219, 219
    498, 498
    1892, 1892
    1367, 1367
    967, 967
    1952, 1952
    190, 190
    47, 47
    719, 719
    1314, 1314
    152, 152
    1380, 1380
    269, 269
    384, 384
    119, 119
    557, 557
    638, 638
    1219, 1219
    409, 409
    944, 944
    1540, 1540
    1493, 1493
    973, 973
    250, 250
    494, 494
    204, 204
    1097, 1097
    561, 561
    1144, 1144
    1398, 1398
    925, 925
    1898, 1898
    1056, 1056
    550, 550
    100, 100
    1632, 1632
    695, 695
    1130, 1130
    766, 766
    607, 607
    439, 439
    885, 885
    1642, 1642
    887, 887
    70, 70
    301, 301
    950, 950
    150, 150
    1693, 1693
    485, 485
    217, 217
    1316, 1316
    1850, 1850
    1502, 1502
    1631, 1631
    362, 362
    1278, 1278
    24, 24
    1592, 1592
    1142, 1142
    1909, 1909
    455, 455
    1095, 1095
    1623, 1623
    1262, 1262
    952, 952
    307, 307
    462, 462
    392, 392
    1309, 1309
    251, 251
    514, 514
    111, 111
    1893, 1893
    1774, 1774
    993, 993
    342, 342
    1433, 1433
    249, 249
    767, 767
    146, 146
    1932, 1932
    394, 394
    738, 738
    862, 862
    453, 453
    895, 895
    662, 662
    1987, 1987
    1572, 1572
    585, 585
    1905, 1905
    1692, 1692
    657, 657
    961, 961
    1413, 1413
    1016, 1016
    640, 640
    433, 433
    595, 595
    1422, 1422
    1842, 1842
    1081, 1081
    302, 302
    1063, 1063
    1045, 1045
    1604, 1604
    951, 951
    1382, 1382
    1529, 1529
    934, 934
    1147, 1147
    1780, 1780
    1448, 1448
    1359, 1359
    1676, 1676
    1614, 1614
    1177, 1177
    1733, 1733
    412, 412
    1357, 1357
    429, 429
    457, 457
    294, 294
    224, 224
    694, 694
    547, 547
    163, 163
    852, 852
    1173, 1173
    590, 590
    915, 915
    1172, 1172
    1938, 1938
    1916, 1916
    317, 317
    902, 902
    463, 463
    1104, 1104
    683, 683
    1578, 1578
    1590, 1590
    1769, 1769
    1134, 1134
    699, 699
    407, 407
    496, 496
    1831, 1831
    674, 674
    244, 244
    1935, 1935
    85, 85
    1039, 1039
    281, 281
    894, 894
    1103, 1103
    1227, 1227
    1347, 1347
    1591, 1591
    1527, 1527
    359, 359
    435, 435
    1764, 1764
    333, 333
    1459, 1459
    1848, 1848
    383, 383
    1556, 1556
    10, 10
    179, 179
    748, 748
    1914, 1914
    49, 49
    1216, 1216
    32, 32
    604, 604
    1550, 1550
    1835, 1835
    1727, 1727
    1360, 1360
    1269, 1269
    847, 847
    1260, 1260
    804, 804
    1453, 1453
    1553, 1553
    479, 479
    1048, 1048
    1867, 1867
    1230, 1230
    1979, 1979
    977, 977
    1510, 1510
    427, 427
    1625, 1625
    1385, 1385
    745, 745
    1743, 1743
    1655, 1655
    626, 626
    1185, 1185
    1766, 1766
    1688, 1688
    11, 11
    162, 162
    1941, 1941
    702, 702
    1871, 1871
    1641, 1641
    193, 193
    1467, 1467
    982, 982
    420, 420
    631, 631
    311, 311
    1925, 1925
    1895, 1895
    840, 840
    1102, 1102
    641, 641
    1576, 1576
    1186, 1186
    278, 278
    900, 900
    368, 368
    632, 632
    410, 410
    1618, 1618
    714, 714
    1364, 1364
    1431, 1431
    743, 743
    1703, 1703
    843, 843
    1718, 1718
    1517, 1517
    36, 36
    511, 511
    1205, 1205
    262, 262
    483, 483
    90, 90
    1563, 1563
    1995, 1995
    803, 803
    992, 992
    1957, 1957
    1267, 1267
    1628, 1628
    233, 233
    1455, 1455
    945, 945
    1181, 1181
    415, 415
    133, 133
    436, 436
    1079, 1079
    89, 89
    1974, 1974
    845, 845
    1188, 1188
    609, 609
    923, 923
    1791, 1791
    198, 198
    1336, 1336
    1427, 1427
    665, 665
    284, 284
    1888, 1888
    1376, 1376
    23, 23
    370, 370
    1728, 1728
    328, 328
    1585, 1585
    1330, 1330
    1626, 1626
    971, 971
    1646, 1646
    1721, 1721
    901, 901
    1524, 1524
    824, 824
    75, 75
    1953, 1953
    1196, 1196
    716, 716
    1098, 1098
    477, 477
    1450, 1450
    1052, 1052
    201, 201
    569, 569
    461, 461
    1323, 1323
    1036, 1036
    1546, 1546
    1331, 1331
    343, 343
    1451, 1451
    1827, 1827
    97, 97
    576, 576
    1922, 1922
    1701, 1701
    1204, 1204
    289, 289
    708, 708
    948, 948
    69, 69
    990, 990
    1087, 1087
    535, 535
    671, 671
    1672, 1672
    142, 142
    363, 363
    777, 777
    1567, 1567
    1292, 1292
    1906, 1906
    1058, 1058
    1030, 1030
    1408, 1408
    1577, 1577
    356, 356
    199, 199
    344, 344
    1397, 1397
    994, 994
    1731, 1731
    988, 988
    1247, 1247
    1947, 1947
    1349, 1349
    103, 103
    542, 542
    1923, 1923
    5, 5
    875, 875
    597, 597
    1602, 1602
    1509, 1509
    1326, 1326
    689, 689
    182, 182
    396, 396
    1588, 1588
    1735, 1735
    129, 129
    1015, 1015
    1960, 1960
    1211, 1211
    1421, 1421
    1810, 1810
    780, 780
    1992, 1992
    1317, 1317
    51, 51
    833, 833
    1396, 1396
    1141, 1141
    1986, 1986
    1686, 1686
    515, 515
    1213, 1213
    1549, 1549
    380, 380
    787, 787
    1145, 1145
    764, 764
    586, 586
    1024, 1024
    474, 474
    388, 388
    1180, 1180
    1304, 1304
    1050, 1050
    1195, 1195
    1930, 1930
    1340, 1340
    1184, 1184
    374, 374
    540, 540
    998, 998
    930, 930
    742, 742
    1155, 1155
    1005, 1005
    99, 99
    1989, 1989
    634, 634
    481, 481
    1558, 1558
    1371, 1371
    8, 8
    1613, 1613
    116, 116
    1812, 1812
    1955, 1955
    1734, 1734
    1192, 1192
    518, 518
    1468, 1468
    467, 467
    520, 520
    1544, 1544
    486, 486
    1589, 1589
    1706, 1706
    1799, 1799
    556, 556
    797, 797
    1405, 1405
    1268, 1268
    897, 897
    350, 350
    325, 325
    264, 264
    287, 287
    1289, 1289
    1035, 1035
    1896, 1896
    763, 763
    935, 935
    1286, 1286
    1013, 1013
    1773, 1773
    112, 112
    1691, 1691
    1650, 1650
    1561, 1561
    1483, 1483
    834, 834
    434, 434
    71, 71
    1744, 1744
    263, 263
    765, 765
    558, 558
    1802, 1802
    1321, 1321
    820, 820
    933, 933
    1091, 1091
    1, 1
    1093, 1093
    1044, 1044
    582, 582
    715, 715
    1070, 1070
    1191, 1191
    704, 704
    371, 371
    1257, 1257
    1176, 1176
    1933, 1933
    652, 652
    1243, 1243
    1924, 1924
    1126, 1126
    679, 679
    545, 545
    1237, 1237
    633, 633
    1160, 1160
    1717, 1717
    1190, 1190
    395, 395
    818, 818
    949, 949
    541, 541
    212, 212
    1135, 1135
    878, 878
    591, 591
    1477, 1477
    21, 21
    1043, 1043
    867, 867
    1055, 1055
    1412, 1412
    122, 122
    404, 404
    723, 723
    700, 700
    268, 268
    1755, 1755
    584, 584
    978, 978
    35, 35
    480, 480
    1829, 1829
    295, 295
    543, 543
    1761, 1761
    972, 972
    402, 402
    504, 504
    1685, 1685
    936, 936
    414, 414
    886, 886
    685, 685
    519, 519
    241, 241
    953, 953
    680, 680
    1643, 1643
    658, 658
    1438, 1438
    744, 744
    37, 37
    1709, 1709
    1621, 1621
    348, 348
    258, 258
    1825, 1825
    1118, 1118
    153, 153
    468, 468
    106, 106
    1370, 1370
    844, 844
    711, 711
    628, 628
    574, 574
    1445, 1445
    678, 678
    1579, 1579
    180, 180
    1446, 1446
    337, 337
    1275, 1275
    1328, 1328
    819, 819
    636, 636
    1860, 1860
    512, 512
    1214, 1214
    1182, 1182
    1303, 1303
    654, 654
    1478, 1478
    1302, 1302
    1872, 1872
    817, 817
    544, 544
    546, 546
    1174, 1174
    1223, 1223
    869, 869
    1025, 1025
    1944, 1944
    336, 336
    1369, 1369
    1246, 1246
    366, 366
    1512, 1512
    1424, 1424
    459, 459
    221, 221
    1161, 1161
    432, 432
    353, 353
    63, 63
    1373, 1373
    1999, 1999
    1358, 1358
    1535, 1535
    1318, 1318
    1757, 1757
    1963, 1963
    799, 799
    1593, 1593
    642, 642
    502, 502
    22, 22
    736, 736
    1277, 1277
    645, 645
    59, 59
    1531, 1531
    1335, 1335
    1327, 1327
    1157, 1157
    312, 312
    1745, 1745
    1832, 1832
    876, 876
    1209, 1209
    231, 231
    673, 673
    798, 798
    1334, 1334
    1651, 1651
    351, 351
    838, 838
    1636, 1636
    39, 39
    1003, 1003
    1882, 1882
    737, 737
    1259, 1259
    1719, 1719
    195, 195
    411, 411
    1926, 1926
    1069, 1069
    1523, 1523
    1418, 1418
    1420, 1420
    779, 779
    492, 492
    506, 506
    778, 778
    931, 931
    668, 668
    568, 568
    1158, 1158
    12, 12
    1574, 1574
    1425, 1425
    500, 500
    784, 784
    1350, 1350
    539, 539
    26, 26
    1528, 1528
    110, 110
    1086, 1086
    1565, 1565
    1852, 1852
    605, 605
    1657, 1657
    1051, 1051
    790, 790
    768, 768
    1858, 1858
    1714, 1714
    1796, 1796
    1786, 1786
    583, 583
    1164, 1164
    211, 211
    138, 138
    1170, 1170
    522, 522
    181, 181
    158, 158
    1435, 1435
    1301, 1301
    1694, 1694
    650, 650
    1029, 1029
    375, 375
    960, 960
    516, 516
    566, 566
    1122, 1122
    140, 140
    175, 175
    1183, 1183
    1226, 1226
    1684, 1684
    643, 643
    1215, 1215
    1520, 1520
    1339, 1339
    1501, 1501
    1697, 1697
    1638, 1638
    1580, 1580
    874, 874
    757, 757
    916, 916
    1053, 1053
    1954, 1954
    559, 559
    720, 720
    1415, 1415
    1295, 1295
    1654, 1654
    1515, 1515
    578, 578
    1462, 1462
    810, 810
    907, 907
    1417, 1417
    879, 879
    124, 124
    983, 983
    1828, 1828
    527, 527
    1049, 1049
    759, 759
    1224, 1224
    675, 675
    1138, 1138
    959, 959
    1894, 1894
    1293, 1293
    1442, 1442
    750, 750
    176, 176
    1486, 1486
    1649, 1649
    1487, 1487
    629, 629
    121, 121
    1476, 1476
    1032, 1032
    279, 279
    1388, 1388
    1873, 1873
    549, 549
    473, 473
    1980, 1980
    1401, 1401
    1479, 1479
    796, 796
    1402, 1402
    728, 728
    1023, 1023
    807, 807
    554, 554
    624, 624
    1991, 1991
    1310, 1310
    109, 109
    1557, 1557
    1660, 1660
    360, 360
    1061, 1061
    131, 131
    991, 991
    941, 941
    1889, 1889
    184, 184
    40, 40
    403, 403
    772, 772
    572, 572
    1817, 1817
    837, 837
    1284, 1284
    1830, 1830
    1805, 1805
    218, 218
    423, 423
    157, 157
    783, 783
    846, 846
    101, 101
    1674, 1674
    1105, 1105
    908, 908
    120, 120
    1461, 1461
    1115, 1115
    505, 505
    1366, 1366
    828, 828
    48, 48
    1409, 1409
    1206, 1206
    1136, 1136
    1022, 1022
    9, 9
    1770, 1770
    565, 565
    313, 313
    957, 957
    1918, 1918
    729, 729
    352, 352
    493, 493
    940, 940
    1902, 1902
    880, 880
    529, 529
    1117, 1117
    308, 308
    753, 753
    746, 746
    688, 688
    257, 257
    1737, 1737
    857, 857
    192, 192
    354, 354
    1967, 1967
    890, 890
    1819, 1819
    1994, 1994
    377, 377
    1972, 1972
    45, 45
    1460, 1460
    1608, 1608
    261, 261
    332, 332
    466, 466
    548, 548
    330, 330
    326, 326
    813, 813
    87, 87
    1675, 1675
    1968, 1968
    104, 104
    622, 622
    347, 347
    197, 197
    1265, 1265
    226, 226
    571, 571
    1596, 1596
    623, 623
    1919, 1919
    1088, 1088
    438, 438
    805, 805
    65, 65
    1750, 1750
    1956, 1956
    670, 670
    296, 296
    1125, 1125
    1710, 1710
    1037, 1037
    53, 53
    1108, 1108
    43, 43
    272, 272
    345, 345
    220, 220
    487, 487
    1940, 1940
    1484, 1484
    501, 501
    465, 465
    1870, 1870
    1836, 1836
    1538, 1538
    560, 560
    1242, 1242
    1348, 1348
    1210, 1210
    713, 713
    1611, 1611
    55, 55
    469, 469
    1569, 1569
    361, 361
    904, 904
    898, 898
    789, 789
    1201, 1201
    1617, 1617
    524, 524
    1949, 1949
    1239, 1239
    88, 88
    627, 627
    1381, 1381
    1089, 1089
    238, 238
    1129, 1129
    693, 693
    653, 653
    1281, 1281
    58, 58
    1353, 1353
    1054, 1054
    1997, 1997
    1440, 1440
    648, 648
    1807, 1807
    34, 34
    397, 397
    1584, 1584
    1218, 1218
    1042, 1042
    1151, 1151
    209, 209
    962, 962
    449, 449
    1475, 1475
    814, 814
    225, 225
    747, 747
    1633, 1633
    503, 503
    1073, 1073
    1609, 1609
    1767, 1767
    1525, 1525
    1137, 1137
    1907, 1907
    1971, 1971
    1279, 1279
    213, 213
    132, 132
    323, 323
    1355, 1355
    1011, 1011
    1059, 1059
    955, 955
    458, 458
    1784, 1784
    445, 445
    1500, 1500
    1929, 1929
    1423, 1423
    1762, 1762
    1416, 1416
    1255, 1255
    1456, 1456
    338, 338
    1984, 1984
    471, 471
    888, 888
    1403, 1403
    1910, 1910
    1679, 1679
    1597, 1597
    464, 464
    1988, 1988
    1885, 1885
    7, 7
    1497, 1497
    1669, 1669
    1526, 1526
    13, 13
    809, 809
    1587, 1587
    136, 136
    1231, 1231
    800, 800
    1687, 1687
    1943, 1943
    52, 52
    441, 441
    107, 107
    1419, 1419
    292, 292
    614, 614
    909, 909
    1299, 1299
    1009, 1009
    1406, 1406
    1027, 1027
    1001, 1001
    1212, 1212
    446, 446
    1250, 1250
    968, 968
    725, 725
    1508, 1508
    1976, 1976
    958, 958
    821, 821
    781, 781
    246, 246
    1713, 1713
    321, 321
    282, 282
    1152, 1152
    1712, 1712
    598, 598
    1573, 1573
    826, 826
    841, 841
    1306, 1306
    430, 430
    1133, 1133
    275, 275
    1064, 1064
    579, 579
    1365, 1365
    1507, 1507
    139, 139
    334, 334
    510, 510
    1375, 1375
    242, 242
    1490, 1490
    1261, 1261
    537, 537
    1228, 1228
    1322, 1322
    174, 174
    401, 401
    580, 580
    1950, 1950
    1779, 1779
    208, 208
    1652, 1652
    811, 811
    1077, 1077
    1806, 1806
    1443, 1443
    1354, 1354
    1387, 1387
    553, 553
    247, 247
    1586, 1586
    1594, 1594
    830, 830
    475, 475
    1915, 1915
    189, 189
    1708, 1708
    868, 868
    1788, 1788
    1116, 1116
    1746, 1746
    234, 234
    611, 611
    1978, 1978
    15, 15
    946, 946
    919, 919
    1665, 1665
    603, 603
    1153, 1153
    989, 989
    177, 177
    947, 947
    727, 727
    1169, 1169
    1514, 1514
    697, 697
    928, 928
    507, 507
    357, 357
    884, 884
    863, 863
    1504, 1504
    1928, 1928
    913, 913
    315, 315
    1566, 1566
    229, 229
    567, 567
    1506, 1506
    379, 379
    1900, 1900
    1315, 1315
    1220, 1220
    1804, 1804
    417, 417
    903, 903
    656, 656
    1598, 1598
    17, 17
    836, 836
    770, 770
    1722, 1722
    1083, 1083
    756, 756
    1282, 1282
    508, 508
    1785, 1785
    726, 726
    610, 610
    1256, 1256
    1904, 1904
    853, 853
    1127, 1127
    613, 613
    1263, 1263
    1777, 1777
    149, 149
    159, 159
    1474, 1474
    42, 42
    270, 270
    94, 94
    859, 859
    1857, 1857
    1606, 1606
    1199, 1199
    484, 484
    1811, 1811
    1704, 1704
    646, 646
    1658, 1658
    256, 256
    1962, 1962
    771, 771
    320, 320
    1516, 1516
    1189, 1189
    1092, 1092
    210, 210
    1666, 1666
    1945, 1945
    669, 669
    1132, 1132
    1291, 1291
    599, 599
    969, 969
    1491, 1491
    741, 741
    426, 426
    57, 57
    1856, 1856
    528, 528
    705, 705
    1942, 1942
    230, 230
    929, 929
    1866, 1866
    290, 290
    476, 476
    50, 50
    755, 755
    1522, 1522
    14, 14
    252, 252
    419, 419
    1610, 1610
    1548, 1548
    293, 293
    1726, 1726
    1238, 1238
    749, 749
    472, 472
    20, 20
    364, 364
    712, 712
    707, 707
    60, 60
    1677, 1677
    1287, 1287
    144, 144
    1681, 1681
    160, 160
    517, 517
    1820, 1820
    1017, 1017
    61, 61
    854, 854
    882, 882
    1635, 1635
    62, 62
    1846, 1846
    1622, 1622
    1505, 1505
    1911, 1911
    851, 851
    1429, 1429
    172, 172
    864, 864
    1159, 1159
    1800, 1800
    298, 298
    232, 232
    625, 625
    1351, 1351
    860, 860
    1072, 1072
    1374, 1374
    1536, 1536
    470, 470
    1439, 1439
    1171, 1171
    1705, 1705
    1065, 1065
    1783, 1783
    523, 523
    1990, 1990
    81, 81
    91, 91
    154, 154
    730, 730
    932, 932
    1600, 1600
    1378, 1378
    910, 910
    802, 802
    78, 78
    1868, 1868
    1472, 1472
    248, 248
    601, 601
    793, 793
    1337, 1337
    606, 606
    1273, 1273
    1499, 1499
    1539, 1539
    1294, 1294
    1258, 1258
    1996, 1996
    1680, 1680
    123, 123
    227, 227
    1004, 1004
    1341, 1341
    399, 399
    709, 709
    1124, 1124
    215, 215
    663, 663
    1815, 1815
    1790, 1790
    1264, 1264
    1752, 1752
    66, 66
    1903, 1903
    1325, 1325
    964, 964
    1753, 1753
    96, 96
    1554, 1554
    791, 791
    954, 954
    1252, 1252
    1404, 1404
    842, 842
    722, 722
    310, 310
    167, 167
    1964, 1964
    1007, 1007
    288, 288
    1362, 1362
    1503, 1503
    1533, 1533
    113, 113
    1661, 1661
    587, 587
    489, 489
    260, 260
    1913, 1913
    1530, 1530
    1798, 1798
    785, 785
    786, 786
    835, 835
    620, 620
    536, 536
    1920, 1920
    1482, 1482
    1801, 1801
    521, 521
    1167, 1167
    1038, 1038
    1511, 1511
    372, 372
    1629, 1629
    1345, 1345
    41, 41
    478, 478
    1200, 1200
    1559, 1559
    1778, 1778
    987, 987
    1612, 1612
    1225, 1225
    1096, 1096
    1537, 1537
    422, 422
    1959, 1959
    156, 156
    1229, 1229
    1060, 1060
    185, 185
    1789, 1789
    68, 68
    1028, 1028
    1085, 1085
    782, 782
    1034, 1034
    760, 760
    943, 943
    1343, 1343
    304, 304
    329, 329
    677, 677
    1765, 1765
    31, 31
    615, 615
    1570, 1570
    1616, 1616
    460, 460
    1568, 1568
    1837, 1837
    1057, 1057
    1481, 1481
    135, 135
    1813, 1813
    602, 602
    1193, 1193
    776, 776
    319, 319
    1234, 1234
    526, 526
    1426, 1426
    1075, 1075
    72, 72
    659, 659
    651, 651
    696, 696
    19, 19
    1897, 1897
    1248, 1248
    1111, 1111
    1890, 1890
    1372, 1372
    1781, 1781
    1021, 1021
    1020, 1020
    660, 660
    1466, 1466
    1014, 1014
    1939, 1939
    1464, 1464
    1392, 1392
    1307, 1307
    831, 831
    1154, 1154
    303, 303
    999, 999
    1738, 1738
    1683, 1683
    1542, 1542
    1119, 1119
    740, 740
    774, 774
    938, 938
    1480, 1480
    214, 214
    1855, 1855
    1276, 1276
    442, 442
    1562, 1562
    1312, 1312
    424, 424
    1582, 1582
    815, 815
    1018, 1018
    1599, 1599
    413, 413
    1386, 1386
    924, 924
    1076, 1076
    56, 56
    1936, 1936
    1760, 1760
    1521, 1521
    1732, 1732
    1663, 1663
    883, 883
    1488, 1488
    1198, 1198
    534, 534
    450, 450
    754, 754
    171, 171
    866, 866
    444, 444
    1758, 1758
    1463, 1463
    1197, 1197
    1000, 1000
    918, 918
    593, 593
    1062, 1062
    1139, 1139
    806, 806
    1601, 1601
    16, 16
    1874, 1874
    1742, 1742
    1749, 1749
    405, 405
    173, 173
    134, 134
    178, 178
    1308, 1308
    1630, 1630
    1156, 1156
    1283, 1283
    341, 341
    318, 318
    1407, 1407
    1814, 1814
    618, 618
    77, 77
    873, 873
    1019, 1019
    1736, 1736
    1583, 1583
    1763, 1763
    1912, 1912
    703, 703
    690, 690
    970, 970
    985, 985
    1696, 1696
    203, 203
    222, 222
    849, 849
    612, 612
    672, 672
    825, 825
    1595, 1595
    145, 145
    1492, 1492
    1071, 1071
    367, 367
    630, 630
    98, 98
    1965, 1965
    1496, 1496
    979, 979
    1575, 1575
    600, 600
    265, 265
    1620, 1620
    808, 808
    739, 739
    592, 592
    1981, 1981
    1854, 1854
    335, 335
    552, 552
    84, 84
    73, 73
    1754, 1754
    692, 692
    1931, 1931
    1471, 1471
    752, 752
    691, 691
    1917, 1917
    1808, 1808
    309, 309
    283, 283
    18, 18
    1891, 1891
    1816, 1816
    769, 769
    425, 425
    365, 365
    1101, 1101
    762, 762
    891, 891
    1946, 1946
    939, 939
    1319, 1319
    1458, 1458
    1803, 1803
    1342, 1342
    1244, 1244
    1883, 1883
    1534, 1534
    1723, 1723
    1647, 1647
    751, 751
    644, 644
    1143, 1143
    531, 531
    1394, 1394
    421, 421
    83, 83
    86, 86
    38, 38
    570, 570
    316, 316
    235, 235
    710, 710
    1320, 1320
    1667, 1667
    1066, 1066
    1338, 1338
    273, 273
    525, 525
    1771, 1771
    927, 927
    562, 562
    1768, 1768
    166, 166
    1285, 1285
    812, 812
    974, 974
    205, 205
    373, 373
    1410, 1410
    573, 573
    619, 619
    406, 406
    1702, 1702
    1245, 1245
    243, 243
    390, 390
    200, 200
    1921, 1921
    1082, 1082
    1383, 1383
    4, 4
    1545, 1545
    1469, 1469
    29, 29
    437, 437
    6, 6
    1948, 1948
    855, 855
    1389, 1389
    822, 822
    30, 30
    267, 267
    1485, 1485
    170, 170
    1296, 1296
    1934, 1934
    385, 385
    850, 850
    102, 102
    1740, 1740
    639, 639
    667, 667
    1012, 1012
    1853, 1853
    0, 0
    1973, 1973
    1236, 1236
    1149, 1149
    997, 997
    1080, 1080
    914, 914
    322, 322
    1436, 1436
    1993, 1993
    130, 130
    912, 912
    339, 339
    95, 95
    1452, 1452
    1356, 1356
    1581, 1581
    856, 856
    1908, 1908
    1437, 1437
    823, 823
    64, 64
    1886, 1886
    1163, 1163
    1678, 1678
    1927, 1927
    775, 775
    1901, 1901
    1305, 1305
    456, 456
    490, 490
    327, 327
    684, 684
    1430, 1430
    393, 393
    1217, 1217
    3, 3
    165, 165
    1332, 1332
    848, 848
    1532, 1532
    794, 794
    1961, 1961
    1465, 1465
    271, 271
    1271, 1271
    1297, 1297
    1208, 1208
    735, 735
    1379, 1379
    1879, 1879
    1249, 1249
    721, 721
    986, 986
    1560, 1560
    491, 491
    276, 276
    575, 575
    1756, 1756
    93, 93
    1513, 1513
    687, 687
    161, 161
    1518, 1518
    937, 937
    25, 25
    1414, 1414
    1148, 1148
    314, 314
    1844, 1844
    1346, 1346
    795, 795
    1822, 1822
    1329, 1329
    637, 637
    1041, 1041
    1165, 1165
    839, 839
    1395, 1395
    965, 965
    27, 27
    358, 358
    1363, 1363
    905, 905
    1222, 1222
    240, 240
    1969, 1969
    1084, 1084
    701, 701
    331, 331
    324, 324
    1384, 1384
    1615, 1615
    118, 118
    1571, 1571
    1884, 1884
    1377, 1377
    1793, 1793
    346, 346
    1166, 1166
    1716, 1716
    963, 963
    1809, 1809
    734, 734
    1794, 1794
    408, 408
    1775, 1775
    1849, 1849
    1797, 1797
    1876, 1876
    80, 80
    956, 956
    1031, 1031
    1759, 1759
    369, 369
    893, 893
    717, 717
    616, 616
    1324, 1324
    147, 147
    452, 452
    143, 143
    1862, 1862
    1711, 1711
    207, 207
    1270, 1270
    871, 871
    1114, 1114
    46, 46
    1834, 1834
    125, 125
    1639, 1639
    1489, 1489
    431, 431
    981, 981
    253, 253
    1470, 1470
    378, 378
    398, 398
    44, 44
    1240, 1240
    74, 74
    237, 237
    1707, 1707
    758, 758
    1877, 1877
    1845, 1845
    245, 245
    1179, 1179
    1700, 1700
    1241, 1241
    386, 386
    1300, 1300
    254, 254
    54, 54
    1958, 1958
    1393, 1393
    1233, 1233
    1094, 1094
    1298, 1298
    1175, 1175
    1673, 1673
    92, 92
    448, 448
    1428, 1428
    1751, 1751
    299, 299
    1603, 1603
    1951, 1951
    1937, 1937
    1670, 1670
    872, 872
    1887, 1887
    349, 349
    1627, 1627
    761, 761
    451, 451
    1843, 1843
    239, 239
    555, 555
    1498, 1498
    33, 33
    497, 497
    389, 389
    1730, 1730
    686, 686
    1290, 1290
    1202, 1202
    996, 996
    236, 236
    1864, 1864
    664, 664
    168, 168
    731, 731
    1624, 1624
    1434, 1434
    1313, 1313
    1352, 1352
    1008, 1008
    922, 922
    563, 563
    1187, 1187
    858, 858
    1690, 1690
    1207, 1207
    1391, 1391
    1833, 1833
    440, 440
    1739, 1739
    482, 482
    1662, 1662
    1068, 1068
    564, 564
    1074, 1074
    1966, 1966
    1715, 1715
    801, 801
    1399, 1399
    1107, 1107
    1698, 1698
    1432, 1432
    1839, 1839
    1899, 1899
    1725, 1725
    79, 79
    306, 306
    1795, 1795
    266, 266
    1551, 1551
    1390, 1390
    183, 183
    141, 141
    975, 975
    532, 532
    1344, 1344
    1254, 1254
    67, 67
    382, 382
    1682, 1682
    387, 387
    376, 376
    594, 594
    495, 495
    1178, 1178
    649, 649
    1998, 1998
    1634, 1634
    1221, 1221
    187, 187
    911, 911
    589, 589
    1203, 1203
    1120, 1120
    1235, 1235
    1970, 1970
    416, 416
    1106, 1106
    1668, 1668
    681, 681
    1121, 1121
    255, 255
    1447, 1447
    596, 596
    1128, 1128
    617, 617
    223, 223
    1002, 1002
    1040, 1040
    1792, 1792
    655, 655
    164, 164
    186, 186
    917, 917
    1112, 1112
    1644, 1644
    291, 291
    1645, 1645
    488, 488
    454, 454
    1162, 1162
    1878, 1878
    391, 391
    128, 128
    1782, 1782
    1441, 1441
    666, 666
    1495, 1495
    499, 499
    682, 682
    1776, 1776
    1695, 1695
    1010, 1010
    1253, 1253
    2, 2
    1280, 1280
    1368, 1368
    1607, 1607
    1689, 1689
    1454, 1454
    816, 816
    1720, 1720
    1473, 1473
    191, 191
    28, 28
    1875, 1875
    1123, 1123
    1881, 1881
    1648, 1648
    127, 127
    533, 533
    1067, 1067
    1772, 1772
    906, 906
    1983, 1983
    1131, 1131
    418, 418
    1869, 1869
    1311, 1311
    1251, 1251
    647, 647
    889, 889
    724, 724
    206, 206
    1146, 1146
    966, 966
    676, 676
    1400, 1400
    1741, 1741
    1840, 1840
    151, 151
    1494, 1494
    202, 202
    635, 635
    300, 300
    1847, 1847
    1232, 1232
    1659, 1659
    1444, 1444
    1090, 1090
    1863, 1863
    513, 513
    1637, 1637
    1266, 1266
    194, 194
    1547, 1547
    286, 286
    577, 577
    285, 285
    1033, 1033
    447, 447
    1859, 1859
    1826, 1826
    1194, 1194
    733, 733
    976, 976
    1982, 1982
    621, 621
    1699, 1699
    1605, 1605
    1880, 1880
    829, 829
    995, 995
    1047, 1047
    1977, 1977
    530, 530
    82, 82
    861, 861
    1823, 1823
    1552, 1552
    788, 788
    1729, 1729
}

S(b, c) = {
    346, 346
    475, 475
    1003, 1003
    1110, 1110
    909, 909
    1323, 1323
    1844, 1844
    1862, 1862
    809, 809
    1332, 1332
    1385, 1385
    32, 32
    836, 836
    1356, 1356
    175, 175
    1357, 1357
    337, 337
    1652, 1652
    725, 725
    1270, 1270
    222, 222
    252, 252
    1553, 1553
    1995, 1995
    1293, 1293
    1806, 1806
    1679, 1679
    990, 990
    1789, 1789
    413, 413
    1090, 1090
    1266, 1266
    1160, 1160
    881, 881
    1991, 1991
    1583, 1583
    957, 957
    1612, 1612
    100, 100
    1956, 1956
    1747, 1747
    595, 595
    1934, 1934
    1486, 1486
    567, 567
    623, 623
    194, 194
    1067, 1067
    1872, 1872
    1239, 1239
    68, 68
    85, 85
    221, 221
    1333, 1333
    1563, 1563
    1061, 1061
    472, 472
    1122, 1122
    276, 276
    609, 609
    949, 949
    1258, 1258
    1477, 1477
    1355, 1355
    61, 61
    1093, 1093
    930, 930
    480, 480
    1821, 1821
    1609, 1609
    1151, 1151
    621, 621
    1375, 1375
    952, 952
    398, 398
    970, 970
    1368, 1368
    816, 816
    189, 189
    1917, 1917
    1054, 1054
    1639, 1639
    1868, 1868
    447, 447
    1229, 1229
    1752, 1752
    547, 547
    1460, 1460
    767, 767
    1422, 1422
    923, 923
    1062, 1062
    700, 700
    546, 546
    1988, 1988
    1262, 1262
    351, 351
    1855, 1855
    1550, 1550
    1339, 1339
    1473, 1473
    1661, 1661
    1119, 1119
    422, 422
    924, 924
    104, 104
    627, 627
    1001, 1001
    200, 200
    1057, 1057
    770, 770
    1503, 1503
    76, 76
    1213, 1213
    1906, 1906
    544, 544
    1792, 1792
    144, 144
    1582, 1582
    1997, 1997
    1455, 1455
    697, 697
    999, 999
    636, 636
    1786, 1786
    688, 688
    19, 19
    333, 333
    207, 207
    111, 111
    1605, 1605
    574, 574
    819, 819
    1543, 1543
    1072, 1072
    459, 459
    505, 505
    1500, 1500
    891, 891
    308, 308
    1737, 1737
    1300, 1300
    678, 678
    1624, 1624
    1209, 1209
    395, 395
    1578, 1578
    1531, 1531
    1438, 1438
    437, 437
    1667, 1667
    986, 986
    1886, 1886
    1311, 1311
    740, 740
    556, 556
    1977, 1977
    157, 157
    103, 103
    1231, 1231
    1164, 1164
    22, 22
    1045, 1045
    1134, 1134
    1407, 1407
    1907, 1907
    145, 145
    1277, 1277
    1808, 1808
    1909, 1909
    250, 250
    1779, 1779
    1801, 1801
    824, 824
    1501, 1501
    921, 921
    1324, 1324
    257, 257
    914, 914
    1000, 1000
    502, 502
    1194, 1194
    808, 808
    771, 771
    1259, 1259
    1750, 1750
    438, 438
    911, 911
    1523, 1523
    655, 655
    270, 270
    1414, 1414
    1843, 1843
    405, 405
    1677, 1677
    955, 955
    665, 665
    1580, 1580
    1425, 1425
    1041, 1041
    1526, 1526
    1018, 1018
    1399, 1399
    1005, 1005
    1381, 1381
    190, 190
    611, 611
    1870, 1870
    195, 195
    1490, 1490
    305, 305
    1390, 1390
    1978, 1978
    938, 938
    1516, 1516
    59, 59
    1116, 1116
    107, 107
    150, 150
    958, 958
    759, 759
    1772, 1772
    1361, 1361
    1241, 1241
    94, 94
    1424, 1424
    511, 511
    1564, 1564
    389, 389
    418, 418
    545, 545
    1645, 1645
    1846, 1846
    1191, 1191
    373, 373
    53, 53
    1888, 1888
    994, 994
    1032, 1032
    937, 937
    1551, 1551
    25, 25
    1660, 1660
    691, 691
    1048, 1048
    1825, 1825
    569, 569
    1285, 1285
    500, 500
    180, 180
    1068, 1068
    1728, 1728
    1965, 1965
    777, 777
    1318, 1318
    983, 983
    1479, 1479
    1080, 1080
    1930, 1930
    534, 534
    1708, 1708
    1498, 1498
    499, 499
    1287, 1287
    1770, 1770
    905, 905
    1607, 1607
    298, 298
    920, 920
    1705, 1705
    1185, 1185
    1006, 1006
    876, 876
    1795, 1795
    1147, 1147
    1103, 1103
    956, 956
    1074, 1074
    1207, 1207
    762, 762
    933, 933
    1853, 1853
    673, 673
    1754, 1754
    865, 865
    354, 354
    364, 364
    559, 559
    1971, 1971
    1480, 1480
    1502, 1502
    492, 492
    1366, 1366
    172, 172
    313, 313
    542, 542
    269, 269
    516, 516
    154, 154
    87, 87
    1302, 1302
    628, 628
    1559, 1559
    775, 775
    790, 790
    1013, 1013
    1908, 1908
    1622, 1622
    584, 584
    1242, 1242
    1444, 1444
    348, 348
    407, 407
    1514, 1514
    490, 490
    357, 357
    485, 485
    1221, 1221
    873, 873
    1744, 1744
    868, 868
    1371, 1371
    1689, 1689
    1070, 1070
    634, 634
    1465, 1465
    560, 560
    1437, 1437
    1603, 1603
    1878, 1878
    1802, 1802
    396, 396
    754, 754
    910, 910
    165, 165
    527, 527
    747, 747
    1529, 1529
    944, 944
    1654, 1654
    487, 487
    1359, 1359
    1176, 1176
    764, 764
    1875, 1875
    1859, 1859
    1938, 1938
    1576, 1576
    656, 656
    1336, 1336
    1253, 1253
    1491, 1491
    1432, 1432
    248, 248
    101, 101
    484, 484
    908, 908
    1387, 1387
    1722, 1722
    1650, 1650
    1515, 1515
    615, 615
    1646, 1646
    773, 773
    1533, 1533
    1655, 1655
    573, 573
    869, 869
    1012, 1012
    1468, 1468
    991, 991
    26, 26
    229, 229
    729, 729
    197, 197
    13, 13
    1282, 1282
    74, 74
    866, 866
    717, 717
    1218, 1218
    134, 134
    1281, 1281
    1649, 1649
    1542, 1542
    1082, 1082
    676, 676
    1899, 1899
    455, 455
    522, 522
    856, 856
    1389, 1389
    1195, 1195
    1538, 1538
    291, 291
    1180, 1180
    169, 169
    1709, 1709
    66, 66
    1887, 1887
    1901, 1901
    1489, 1489
    620, 620
    1182, 1182
    391, 391
    1591, 1591
    1948, 1948
    861, 861
    1212, 1212
    645, 645
    126, 126
    456, 456
    369, 369
    1535, 1535
    45, 45
    1155, 1155
    108, 108
    123, 123
    1511, 1511
    971, 971
    11, 11
    622, 622
    1445, 1445
    1847, 1847
    1781, 1781
    1993, 1993
    1577, 1577
    1064, 1064
    1123, 1123
    423, 423
    1189, 1189
    936, 936
    797, 797
    904, 904
    214, 214
    658, 658
    132, 132
    1839, 1839
    295, 295
    239, 239
    318, 318
    1402, 1402
    1642, 1642
    1758, 1758
    54, 54
    34, 34
    1431, 1431
    1456, 1456
    303, 303
    1420, 1420
    415, 415
    1676, 1676
    535, 535
    79, 79
    1681, 1681
    1373, 1373
    462, 462
    446, 446
    989, 989
    1044, 1044
    307, 307
    672, 672
    73, 73
    115, 115
    1873, 1873
    612, 612
    1030, 1030
    332, 332
    254, 254
    81, 81
    1736, 1736
    1305, 1305
    372, 372
    1672, 1672
    421, 421
    1301, 1301
    1295, 1295
    1628, 1628
    121, 121
    696, 696
    1813, 1813
    1884, 1884
    1914, 1914
    875, 875
    732, 732
    299, 299
    1083, 1083
    590, 590
    420, 420
    1184, 1184
    792, 792
    301, 301
    1418, 1418
    506, 506
    363, 363
    1478, 1478
    15, 15
    793, 793
    266, 266
    1492, 1492
    253, 253
    51, 51
    1928, 1928
    1837, 1837
    1011, 1011
    1849, 1849
    906, 906
    1247, 1247
    293, 293
    1334, 1334
    1446, 1446
    306, 306
    39, 39
    183, 183
    1031, 1031
    1081, 1081
    142, 142
    161, 161
    1274, 1274
    841, 841
    1308, 1308
    975, 975
    152, 152
    967, 967
    667, 667
    666, 666
    1894, 1894
    1848, 1848
    1716, 1716
    925, 925
    1279, 1279
    571, 571
    36, 36
    585, 585
    603, 603
    434, 434
    533, 533
    1216, 1216
    205, 205
    593, 593
    368, 368
    77, 77
    327, 327
    1768, 1768
    520, 520
    1895, 1895
    1637, 1637
    1084, 1084
    1527, 1527
    1097, 1097
    661, 661
    683, 683
    1106, 1106
    245, 245
    419, 419
    1915, 1915
    235, 235
    600, 600
    379, 379
    1350, 1350
    1244, 1244
    806, 806
    1619, 1619
    1604, 1604
    657, 657
    296, 296
    1098, 1098
    870, 870
    1136, 1136
    1112, 1112
    846, 846
    1699, 1699
    980, 980
    599, 599
    1086, 1086
    1125, 1125
    1585, 1585
    1618, 1618
    859, 859
    210, 210
    940, 940
    703, 703
    1126, 1126
    482, 482
    268, 268
    1727, 1727
    441, 441
    532, 532
    823, 823
    1474, 1474
    720, 720
    1920, 1920
    668, 668
    791, 791
    1896, 1896
    503, 503
    1275, 1275
    706, 706
    878, 878
    217, 217
    946, 946
    1367, 1367
    813, 813
    1101, 1101
    651, 651
    1505, 1505
    1443, 1443
    798, 798
    1140, 1140
    1640, 1640
    942, 942
    750, 750
    124, 124
    1519, 1519
    1095, 1095
    1052, 1052
    1557, 1557
    1810, 1810
    1933, 1933
    1719, 1719
    885, 885
    425, 425
    1683, 1683
    1219, 1219
    454, 454
    312, 312
    1881, 1881
    155, 155
    1025, 1025
    554, 554
    128, 128
    1856, 1856
    1780, 1780
    801, 801
    1372, 1372
    1975, 1975
    1829, 1829
    385, 385
    1536, 1536
    1777, 1777
    1046, 1046
    1393, 1393
    181, 181
    1864, 1864
    1179, 1179
    267, 267
    432, 432
    826, 826
    1999, 1999
    141, 141
    1471, 1471
    1879, 1879
    723, 723
    1890, 1890
    1586, 1586
    1638, 1638
    1566, 1566
    401, 401
    1071, 1071
    292, 292
    1547, 1547
    289, 289
    781, 781
    682, 682
    361, 361
    1761, 1761
    501, 501
    358, 358
    102, 102
    193, 193
    1408, 1408
    652, 652
    664, 664
    1484, 1484
    1267, 1267
    324, 324
    1461, 1461
    178, 178
    1435, 1435
    947, 947
    1548, 1548
    739, 739
    1327, 1327
    997, 997
    715, 715
    130, 130
    1782, 1782
    1726, 1726
    591, 591
    1306, 1306
    1871, 1871
    4, 4
    757, 757
    833, 833
    1186, 1186
    1495, 1495
    1392, 1392
    1625, 1625
    1963, 1963
    1721, 1721
    815, 815
    877, 877
    1932, 1932
    359, 359
    749, 749
    1807, 1807
    1406, 1406
    186, 186
    1784, 1784
    1102, 1102
    139, 139
    1936, 1936
    814, 814
    1504, 1504
    630, 630
    1488, 1488
    310, 310
    1250, 1250
    1824, 1824
    233, 233
    133, 133
    1152, 1152
    1748, 1748
    604, 604
    1692, 1692
    162, 162
    1823, 1823
    284, 284
    202, 202
    1171, 1171
    625, 625
    1034, 1034
    131, 131
    1834, 1834
    1284, 1284
    1075, 1075
    1507, 1507
    1521, 1521
    97, 97
    1139, 1139
    20, 20
    240, 240
    577, 577
    98, 98
    818, 818
    1008, 1008
    1148, 1148
    1798, 1798
    675, 675
    17, 17
    1630, 1630
    93, 93
    851, 851
    1296, 1296
    1416, 1416
    91, 91
    1540, 1540
    1470, 1470
    383, 383
    1335, 1335
    1038, 1038
    1096, 1096
    1671, 1671
    448, 448
    572, 572
    1483, 1483
    629, 629
    272, 272
    163, 163
    1561, 1561
    60, 60
    1211, 1211
    1944, 1944
    874, 874
    1376, 1376
    716, 716
    1712, 1712
    689, 689
    1405, 1405
    1187, 1187
    1255, 1255
    705, 705
    872, 872
    513, 513
    256, 256
    992, 992
    469, 469
    1467, 1467
    1228, 1228
    618, 618
    1291, 1291
    196, 196
    882, 882
    1026, 1026
    748, 748
    1234, 1234
    416, 416
    1698, 1698
    206, 206
    1346, 1346
    1499, 1499
    399, 399
    1524, 1524
    1800, 1800
    1647, 1647
    553, 553
    1457, 1457
    1132, 1132
    927, 927
    1918, 1918
    1117, 1117
    863, 863
    185, 185
    708, 708
    209, 209
    1746, 1746
    1391, 1391
    1017, 1017
    1177, 1177
    1819, 1819
    721, 721
    838, 838
    860, 860
    1549, 1549
    1395, 1395
    1494, 1494
    1858, 1858
    918, 918
    329, 329
    149, 149
    648, 648
    1845, 1845
    345, 345
    1248, 1248
    1436, 1436
    466, 466
    1235, 1235
    601, 601
    1278, 1278
    1797, 1797
    261, 261
    1900, 1900
    1670, 1670
    1202, 1202
    390, 390
    1118, 1118
    242, 242
    400, 400
    439, 439
    1648, 1648
    978, 978
    643, 643
    1429, 1429
    581, 581
    440, 440
    335, 335
    1007, 1007
    322, 322
    452, 452
    626, 626
    1945, 1945
    686, 686
    886, 886
    1614, 1614
    638, 638
    1840, 1840
    724, 724
    1958, 1958
    218, 218
    495, 495
    594, 594
    701, 701
    1913, 1913
    712, 712
    394, 394
    853, 853
    168, 168
    674, 674
    538, 538
    1506, 1506
    756, 756
    1021, 1021
    1412, 1412
    1341, 1341
    1133, 1133
    803, 803
    845, 845
    1303, 1303
    822, 822
    1162, 1162
    1127, 1127
    1912, 1912
    760, 760
    1783, 1783
    1163, 1163
    670, 670
    241, 241
    1613, 1613
    1338, 1338
    830, 830
    1558, 1558
    1214, 1214
    774, 774
    1861, 1861
    1226, 1226
    1206, 1206
    349, 349
    184, 184
    1937, 1937
    40, 40
    367, 367
    583, 583
    41, 41
    1315, 1315
    1020, 1020
    1970, 1970
    24, 24
    1124, 1124
    249, 249
    633, 633
    784, 784
    445, 445
    376, 376
    113, 113
    486, 486
    78, 78
    1544, 1544
    1454, 1454
    7, 7
    941, 941
    1974, 1974
    1954, 1954
    1290, 1290
    1530, 1530
    965, 965
    742, 742
    38, 38
    514, 514
    988, 988
    237, 237
    353, 353
    524, 524
    1940, 1940
    1773, 1773
    1998, 1998
    1941, 1941
    761, 761
    1344, 1344
    1493, 1493
    605, 605
    1374, 1374
    1811, 1811
    744, 744
    1447, 1447
    681, 681
    360, 360
    1115, 1115
    963, 963
    1555, 1555
    536, 536
    69, 69
    680, 680
    118, 118
    578, 578
    660, 660
    1537, 1537
    35, 35
    1230, 1230
    146, 146
    72, 72
    900, 900
    151, 151
    320, 320
    523, 523
    895, 895
    848, 848
    1967, 1967
    659, 659
    147, 147
    224, 224
    928, 928
    1606, 1606
    1973, 1973
    1804, 1804
    1223, 1223
    491, 491
    555, 555
    1986, 1986
    1314, 1314
    392, 392
    1466, 1466
    1757, 1757
    1756, 1756
    86, 86
    1980, 1980
    1033, 1033
    1175, 1175
    1340, 1340
    1850, 1850
    339, 339
    1170, 1170
    1949, 1949
    212, 212
    1264, 1264
    88, 88
    1108, 1108
    769, 769
    1476, 1476
    338, 338
    148, 148
    1313, 1313
    331, 331
    1946, 1946
    758, 758
    6, 6
    1354, 1354
    976, 976
    117, 117
    960, 960
    1210, 1210
    1453, 1453
    1181, 1181
    1656, 1656
    1627, 1627
    316, 316
    582, 582
    1620, 1620
    143, 143
    1299, 1299
    1534, 1534
    825, 825
    433, 433
    517, 517
    1599, 1599
    1836, 1836
    961, 961
    1347, 1347
    1251, 1251
    1510, 1510
    260, 260
    1573, 1573
    912, 912
    112, 112
    1085, 1085
    1755, 1755
    1198, 1198
    271, 271
    1776, 1776
    1592, 1592
    56, 56
    1560, 1560
    428, 428
    1321, 1321
    1310, 1310
    802, 802
    1105, 1105
    1167, 1167
    1325, 1325
    1260, 1260
    1738, 1738
    1237, 1237
    835, 835
    1411, 1411
    1893, 1893
    30, 30
    83, 83
    1329, 1329
    1397, 1397
    1664, 1664
    728, 728
    226, 226
    565, 565
    537, 537
    1545, 1545
    204, 204
    602, 602
    1902, 1902
    380, 380
    228, 228
    230, 230
    258, 258
    1104, 1104
    1987, 1987
    1673, 1673
    917, 917
    1880, 1880
    1161, 1161
    1475, 1475
    220, 220
    1919, 1919
    1153, 1153
    1982, 1982
    552, 552
    677, 677
    1983, 1983
    1621, 1621
    561, 561
    647, 647
    282, 282
    1590, 1590
    125, 125
    387, 387
    1183, 1183
    1137, 1137
    1751, 1751
    174, 174
    1345, 1345
    277, 277
    1331, 1331
    893, 893
    110, 110
    5, 5
    1718, 1718
    834, 834
    1732, 1732
    1268, 1268
    1596, 1596
    366, 366
    377, 377
    653, 653
    403, 403
    1464, 1464
    427, 427
    722, 722
    1687, 1687
    1165, 1165
    29, 29
    352, 352
    50, 50
    1428, 1428
    1809, 1809
    1509, 1509
    1852, 1852
    743, 743
    1280, 1280
    804, 804
    483, 483
    635, 635
    1169, 1169
    42, 42
    33, 33
    1854, 1854
    548, 548
    738, 738
    355, 355
    378, 378
    1172, 1172
    2, 2
    525, 525
    1233, 1233
    1364, 1364
    37, 37
    1910, 1910
    939, 939
    526, 526
    397, 397
    106, 106
    1078, 1078
    934, 934
    1188, 1188
    887, 887
    530, 530
    699, 699
    974, 974
    1036, 1036
    1088, 1088
    1969, 1969
    287, 287
    1205, 1205
    342, 342
    1053, 1053
    1947, 1947
    443, 443
    1276, 1276
    386, 386
    481, 481
    1156, 1156
    610, 610
    1197, 1197
    1820, 1820
    1225, 1225
    779, 779
    714, 714
    1409, 1409
    606, 606
    973, 973
    285, 285
    901, 901
    617, 617
    969, 969
    1874, 1874
    812, 812
    1731, 1731
    1448, 1448
    1330, 1330
    1439, 1439
    1309, 1309
    1027, 1027
    608, 608
    751, 751
    733, 733
    719, 719
    302, 302
    27, 27
    592, 592
    1043, 1043
    1695, 1695
    1602, 1602
    1927, 1927
    1634, 1634
    1525, 1525
    1047, 1047
    1950, 1950
    92, 92
    429, 429
    496, 496
    1990, 1990
    1611, 1611
    1326, 1326
    1574, 1574
    811, 811
    707, 707
    1508, 1508
    564, 564
    922, 922
    810, 810
    1554, 1554
    21, 21
    1730, 1730
    23, 23
    1328, 1328
    176, 176
    259, 259
    1688, 1688
    1539, 1539
    1077, 1077
    1092, 1092
    788, 788
    435, 435
    794, 794
    1651, 1651
    1710, 1710
    1822, 1822
    843, 843
    1833, 1833
    409, 409
    943, 943
    1512, 1512
    613, 613
    1724, 1724
    1434, 1434
    1976, 1976
    1190, 1190
    1289, 1289
    1669, 1669
    1793, 1793
    321, 321
    854, 854
    1771, 1771
    371, 371
    55, 55
    1114, 1114
    512, 512
    1985, 1985
    381, 381
    1838, 1838
    616, 616
    453, 453
    309, 309
    510, 510
    414, 414
    731, 731
    1073, 1073
    336, 336
    119, 119
    1816, 1816
    1760, 1760
    827, 827
    549, 549
    576, 576
    1023, 1023
    504, 504
    1518, 1518
    1665, 1665
    847, 847
    1076, 1076
    741, 741
    1487, 1487
    896, 896
    1370, 1370
    374, 374
    201, 201
    1362, 1362
    166, 166
    488, 488
    62, 62
    785, 785
    1629, 1629
    473, 473
    105, 105
    1541, 1541
    347, 347
    766, 766
    867, 867
    1342, 1342
    1892, 1892
    1496, 1496
    1091, 1091
    640, 640
    1994, 1994
    461, 461
    1192, 1192
    575, 575
    857, 857
    1955, 1955
    114, 114
    1222, 1222
    531, 531
    286, 286
    1700, 1700
    509, 509
    1759, 1759
    588, 588
    1659, 1659
    1764, 1764
    641, 641
    156, 156
    1377, 1377
    1307, 1307
    1740, 1740
    46, 46
    64, 64
    587, 587
    894, 894
    1286, 1286
    1631, 1631
    1898, 1898
    356, 356
    663, 663
    948, 948
    1532, 1532
    164, 164
    1610, 1610
    1968, 1968
    1089, 1089
    1029, 1029
    849, 849
    1458, 1458
    919, 919
    709, 709
    1135, 1135
    1050, 1050
    1382, 1382
    563, 563
    340, 340
    234, 234
    598, 598
    1415, 1415
    1252, 1252
    173, 173
    71, 71
    662, 662
    631, 631
    1584, 1584
    1352, 1352
    170, 170
    1713, 1713
    1440, 1440
    1863, 1863
    566, 566
    1657, 1657
    642, 642
    1472, 1472
    442, 442
    411, 411
    1120, 1120
    1379, 1379
    1931, 1931
    323, 323
    713, 713
    899, 899
    1916, 1916
    1674, 1674
    1775, 1775
    471, 471
    1528, 1528
    1720, 1720
    444, 444
    1142, 1142
    198, 198
    1869, 1869
    457, 457
    1725, 1725
    70, 70
    1451, 1451
    262, 262
    1200, 1200
    153, 153
    1635, 1635
    213, 213
    1570, 1570
    1691, 1691
    138, 138
    855, 855
    1149, 1149
    1256, 1256
    203, 203
    1427, 1427
    281, 281
    679, 679
    528, 528
    1423, 1423
    44, 44
    1014, 1014
    330, 330
    28, 28
    1130, 1130
    1055, 1055
    693, 693
    122, 122
    1421, 1421
    1109, 1109
    388, 388
    1304, 1304
    1707, 1707
    1953, 1953
    597, 597
    1794, 1794
    236, 236
    1826, 1826
    541, 541
    557, 557
    1288, 1288
    65, 65
    507, 507
    880, 880
    243, 243
    63, 63
    1684, 1684
    273, 273
    1360, 1360
    1243, 1243
    889, 889
    1735, 1735
    1686, 1686
    789, 789
    1675, 1675
    890, 890
    981, 981
    1079, 1079
    129, 129
    993, 993
    1154, 1154
    1996, 1996
    1283, 1283
    646, 646
    1608, 1608
    90, 90
    182, 182
    1960, 1960
    1208, 1208
    1626, 1626
    1658, 1658
    1939, 1939
    1785, 1785
    1972, 1972
    449, 449
    570, 570
    1641, 1641
    1215, 1215
    1865, 1865
    529, 529
    953, 953
    314, 314
    1701, 1701
    1049, 1049
    1943, 1943
    1743, 1743
    1257, 1257
    489, 489
    47, 47
    171, 171
    639, 639
    1623, 1623
    1263, 1263
    858, 858
    417, 417
    31, 31
    1009, 1009
    1733, 1733
    1714, 1714
    135, 135
    1100, 1100
    1113, 1113
    778, 778
    632, 632
    1002, 1002
    1316, 1316
    1087, 1087
    279, 279
    1369, 1369
    8, 8
    1575, 1575
    431, 431
    1729, 1729
    1867, 1867
    1166, 1166
    1199, 1199
    844, 844
    1616, 1616
    1678, 1678
    831, 831
    1959, 1959
    95, 95
    1442, 1442
    753, 753
    1711, 1711
    1921, 1921
    1449, 1449
    950, 950
    1763, 1763
    319, 319
    232, 232
    450, 450
    300, 300
    137, 137
    1601, 1601
    1562, 1562
    1805, 1805
    898, 898
    1593, 1593
    1964, 1964
    1469, 1469
    730, 730
    1141, 1141
    763, 763
    334, 334
    1595, 1595
    1403, 1403
    1572, 1572
    1790, 1790
    1398, 1398
    586, 586
    1298, 1298
    1322, 1322
    871, 871
    1056, 1056
    223, 223
    1617, 1617
    1966, 1966
    1633, 1633
    1249, 1249
    1380, 1380
    907, 907
    1636, 1636
    1957, 1957
    127, 127
    1741, 1741
    1, 1
    402, 402
    1497, 1497
    1905, 1905
    650, 650
    1236, 1236
    998, 998
    497, 497
    1882, 1882
    1952, 1952
    1224, 1224
    436, 436
    1168, 1168
    1358, 1358
    1010, 1010
    1817, 1817
    1410, 1410
    1297, 1297
    311, 311
    888, 888
    1704, 1704
    1217, 1217
    1459, 1459
    1111, 1111
    1063, 1063
    375, 375
    671, 671
    1482, 1482
    1981, 1981
    1066, 1066
    1396, 1396
    1556, 1556
    694, 694
    1734, 1734
    96, 96
    800, 800
    343, 343
    393, 393
    1016, 1016
    842, 842
    1615, 1615
    1388, 1388
    799, 799
    959, 959
    1568, 1568
    328, 328
    1273, 1273
    684, 684
    75, 75
    1866, 1866
    317, 317
    120, 120
    251, 251
    1378, 1378
    1292, 1292
    1891, 1891
    614, 614
    384, 384
    179, 179
    1401, 1401
    1069, 1069
    304, 304
    1227, 1227
    995, 995
    1337, 1337
    737, 737
    580, 580
    902, 902
    467, 467
    1897, 1897
    1666, 1666
    977, 977
    518, 518
    493, 493
    879, 879
    458, 458
    1796, 1796
    1644, 1644
    1565, 1565
    1942, 1942
    1131, 1131
    12, 12
    1481, 1481
    915, 915
    48, 48
    840, 840
    1587, 1587
    984, 984
    718, 718
    508, 508
    1697, 1697
    1742, 1742
    687, 687
    1035, 1035
    1951, 1951
    160, 160
    772, 772
    521, 521
    852, 852
    263, 263
    695, 695
    1121, 1121
    931, 931
    1749, 1749
    962, 962
    916, 916
    1851, 1851
    255, 255
    1715, 1715
    1419, 1419
    216, 216
    1146, 1146
    246, 246
    1818, 1818
    1979, 1979
    862, 862
    412, 412
    654, 654
    1831, 1831
    1173, 1173
    424, 424
    776, 776
    278, 278
    1349, 1349
    1581, 1581
    1271, 1271
    290, 290
    1417, 1417
    49, 49
    558, 558
    1690, 1690
    1830, 1830
    211, 211
    515, 515
    1766, 1766
    1058, 1058
    1220, 1220
    275, 275
    1312, 1312
    929, 929
    1386, 1386
    690, 690
    1693, 1693
    1842, 1842
    1441, 1441
    710, 710
    1193, 1193
    58, 58
    551, 551
    1261, 1261
    84, 84
    1567, 1567
    1841, 1841
    430, 430
    892, 892
    0, 0
    1653, 1653
    972, 972
    782, 782
    1723, 1723
    1860, 1860
    479, 479
    362, 362
    1099, 1099
    136, 136
    850, 850
    1272, 1272
    1065, 1065
    1767, 1767
    404, 404
    954, 954
    1517, 1517
    167, 167
    1835, 1835
    1240, 1240
    1238, 1238
    1682, 1682
    238, 238
    265, 265
    9, 9
    1094, 1094
    783, 783
    16, 16
    89, 89
    478, 478
    57, 57
    745, 745
    1430, 1430
    1632, 1632
    1923, 1923
    231, 231
    365, 365
    669, 669
    1485, 1485
    410, 410
    539, 539
    191, 191
    832, 832
    82, 82
    1579, 1579
    1178, 1178
    99, 99
    883, 883
    1680, 1680
    465, 465
    1926, 1926
    649, 649
    966, 966
    1904, 1904
    3, 3
    1962, 1962
    1060, 1060
    644, 644
    476, 476
    1992, 1992
    1857, 1857
    1028, 1028
    817, 817
    1383, 1383
    451, 451
    1265, 1265
    1696, 1696
    1158, 1158
    945, 945
    1051, 1051
    951, 951
    796, 796
    786, 786
    1394, 1394
    225, 225
    1815, 1815
    1022, 1022
    692, 692
    382, 382
    1522, 1522
    498, 498
    704, 704
    315, 315
    913, 913
    247, 247
    596, 596
    1935, 1935
    215, 215
    1774, 1774
    1827, 1827
    1463, 1463
    1569, 1569
    1571, 1571
    820, 820
    1828, 1828
    568, 568
    884, 884
    734, 734
    1294, 1294
    765, 765
    1452, 1452
    1343, 1343
    1989, 1989
    964, 964
    1778, 1778
    1024, 1024
    727, 727
    821, 821
    244, 244
    1594, 1594
    1702, 1702
    264, 264
    1254, 1254
    787, 787
    579, 579
    735, 735
    1600, 1600
    1803, 1803
    1351, 1351
    985, 985
    1589, 1589
    1520, 1520
    408, 408
    589, 589
    474, 474
    297, 297
    1552, 1552
    1762, 1762
    780, 780
    752, 752
    1513, 1513
    463, 463
    864, 864
    1174, 1174
    624, 624
    158, 158
    187, 187
    698, 698
    1042, 1042
    726, 726
    1015, 1015
    18, 18
    460, 460
    562, 562
    637, 637
    1717, 1717
    1019, 1019
    464, 464
    494, 494
    10, 10
    1404, 1404
    199, 199
    1787, 1787
    702, 702
    1597, 1597
    1791, 1791
    711, 711
    1145, 1145
    1925, 1925
    219, 219
    1413, 1413
    1462, 1462
    1929, 1929
    1232, 1232
    1546, 1546
    1433, 1433
    1143, 1143
    828, 828
    1765, 1765
    67, 67
    14, 14
    406, 406
    1144, 1144
    1201, 1201
    280, 280
    1363, 1363
    1685, 1685
    116, 116
    1769, 1769
    1348, 1348
    283, 283
    192, 192
    1662, 1662
    736, 736
    288, 288
    607, 607
    227, 227
    1668, 1668
    1922, 1922
    987, 987
    1924, 1924
    188, 188
    1138, 1138
    839, 839
    1159, 1159
    805, 805
    979, 979
    1911, 1911
    140, 140
    935, 935
    294, 294
    1877, 1877
    1703, 1703
    1246, 1246
    1745, 1745
    619, 619
    326, 326
    746, 746
    1107, 1107
    470, 470
    370, 370
    543, 543
    968, 968
    807, 807
    1320, 1320
    1128, 1128
    1004, 1004
    1039, 1039
    1706, 1706
    550, 550
    208, 208
    1269, 1269
    982, 982
    80, 80
    932, 932
    1788, 1788
    1037, 1037
    477, 477
    685, 685
    1961, 1961
    1204, 1204
    1319, 1319
    177, 177
    1643, 1643
    1903, 1903
    768, 768
    1876, 1876
    109, 109
    1157, 1157
    903, 903
    1812, 1812
    350, 350
    795, 795
    1883, 1883
    274, 274
    1203, 1203
    43, 43
    540, 540
    829, 829
    1400, 1400
    1450, 1450
    897, 897
    426, 426
    1353, 1353
    1245, 1245
    837, 837
    1059, 1059
    1799, 1799
    341, 341
    1739, 1739
    1317, 1317
    1984, 1984
    52, 52
    344, 344
    1814, 1814
    1885, 1885
    1040, 1040
    1753, 1753
    1598, 1598
    159, 159
    1832, 1832
    1694, 1694
    1129, 1129
    1150, 1150
    325, 325
    1889, 1889
    468, 468
    1588, 1588
    1663, 1663
    996, 996
    1365, 1365
    519, 519
    1426, 1426
    1196, 1196
    755, 755
    926, 926
    1384, 1384
}
